C:\Users\isbec\Desktop\VFX\NTU-VFX-Project2\data\road\road00.JPG
5328 4000

8 0 1999.5 
0 8 2663.5 
0 0 1 

0.999482 0.0110748 0.0302259 
-0.0174227 0.97565 0.218639 
-0.0270686 -0.219052 0.975338 

633.713


C:\Users\isbec\Desktop\VFX\NTU-VFX-Project2\data\road\road01.JPG
5328 4000

8 0 1999.5 
0 8 2663.5 
0 0 1 

0.999501 0.0174222 0.0263338 
-0.0174162 0.999848 -0.00045885 
-0.0263378 -1.11343e-008 0.999653 

630.602

C:\Users\isbec\Desktop\VFX\NTU-VFX-Project2\data\road\road02.JPG
5328 4000

8 0 1999.5 
0 8 2663.5 
0 0 1 

0.999509 0.025996 0.0174884 
-0.0181262 0.935071 -0.353996 
-0.0255553 0.353505 0.935083 

631.372

C:\Users\isbec\Desktop\VFX\NTU-VFX-Project2\data\road\road03.JPG
5328 4000

8 0 1999.5 
0 8 2663.5 
0 0 1 

0.999473 0.0324278 0.00177318 
-0.0218982 0.713242 -0.700576 
-0.0239828 0.700168 0.713576 

629.315

C:\Users\isbec\Desktop\VFX\NTU-VFX-Project2\data\road\road04.JPG
5328 4000

8 0 1999.5 
0 8 2663.5 
0 0 1 

0.999362 0.0344038 -0.00954745 
-0.0232508 0.424161 -0.905288 
-0.0270957 0.904933 0.42469 

630.25

C:\Users\isbec\Desktop\VFX\NTU-VFX-Project2\data\road\road05.JPG
5328 4000

8 0 1999.5 
0 8 2663.5 
0 0 1 

0.999679 0.020784 -0.014441 
-0.0155784 0.0556475 -0.998329 
-0.0199457 0.998234 0.0559534 

598.673

C:\Users\isbec\Desktop\VFX\NTU-VFX-Project2\data\road\road06.JPG
5328 4000

8 0 1999.5 
0 8 2663.5 
0 0 1 

0.998093 -0.00309568 -0.0616461 
-0.0507487 -0.609652 -0.791043 
-0.035134 0.792663 -0.608647 

581.504

C:\Users\isbec\Desktop\VFX\NTU-VFX-Project2\data\road\road07.JPG
5328 4000

8 0 1999.5 
0 8 2663.5 
0 0 1 

0.999132 0.00184792 -0.0416101 
-0.0179409 -0.882492 -0.469985 
-0.0375891 0.470324 -0.881693 

604.999

C:\Users\isbec\Desktop\VFX\NTU-VFX-Project2\data\road\road08.JPG
5328 4000

8 0 1999.5 
0 8 2663.5 
0 0 1 

0.999039 -0.0104685 -0.0425675 
-0.022433 -0.956371 -0.291293 
-0.0376609 0.291968 -0.955686 

607.13

C:\Users\isbec\Desktop\VFX\NTU-VFX-Project2\data\road\road09.JPG
5328 4000

8 0 1999.5 
0 8 2663.5 
0 0 1 

0.999149 -0.0189704 -0.0366336 
-0.0166061 -0.997824 0.063798 
-0.0377642 -0.0631355 -0.99729 

615.032

C:\Users\isbec\Desktop\VFX\NTU-VFX-Project2\data\road\road10.JPG
5328 4000

8 0 1999.5 
0 8 2663.5 
0 0 1 

0.999148 -0.0277933 -0.0305032 
-0.0172437 -0.952746 0.303277 
-0.0374908 -0.302493 -0.952414 

618.476

C:\Users\isbec\Desktop\VFX\NTU-VFX-Project2\data\road\road11.JPG
5328 4000

8 0 1999.5 
0 8 2663.5 
0 0 1 

0.999202 -0.0338112 -0.0212351 
-0.0166514 -0.836286 0.548041 
-0.0362885 -0.54725 -0.836182 

620.964

C:\Users\isbec\Desktop\VFX\NTU-VFX-Project2\data\road\road12.JPG
5328 4000

8 0 1999.5 
0 8 2663.5 
0 0 1 

0.999269 -0.0375418 -0.00712197 
-0.016937 -0.602234 0.79814 
-0.0342527 -0.797437 -0.60243 

628.541

C:\Users\isbec\Desktop\VFX\NTU-VFX-Project2\data\road\road13.JPG
5328 4000

8 0 1999.5 
0 8 2663.5 
0 0 1 

0.999334 -0.036007 0.00589255 
-0.0157579 -0.280273 0.959791 
-0.0329077 -0.959245 -0.280654 

631.032

C:\Users\isbec\Desktop\VFX\NTU-VFX-Project2\data\road\road14.JPG
5328 4000

8 0 1999.5 
0 8 2663.5 
0 0 1 

0.999352 -0.0331086 0.0141003 
-0.0148994 -0.0240139 0.9996 
-0.0327567 -0.999163 -0.0244919 

630.831

C:\Users\isbec\Desktop\VFX\NTU-VFX-Project2\data\road\road15.JPG
5328 4000

8 0 1999.5 
0 8 2663.5 
0 0 1 

0.999433 -0.0262203 0.0211241 
-0.0148854 0.218666 0.975686 
-0.0302019 -0.975447 0.218152 

634.473

C:\Users\isbec\Desktop\VFX\NTU-VFX-Project2\data\road\road16.JPG
5328 4000

8 0 1999.5 
0 8 2663.5 
0 0 1 

0.999447 -0.0200087 0.0265402 
-0.0147573 0.448348 0.893737 
-0.0297818 -0.893635 0.447805 

636.651

C:\Users\isbec\Desktop\VFX\NTU-VFX-Project2\data\road\road17.JPG
5328 4000

8 0 1999.5 
0 8 2663.5 
0 0 1 

0.999483 -0.00910756 0.0308235 
-0.0166267 0.674213 0.73835 
-0.0275062 -0.738481 0.673713 

635.059

C:\Users\isbec\Desktop\VFX\NTU-VFX-Project2\data\road\road18.JPG
5328 4000

8 0 1999.5 
0 8 2663.5 
0 0 1 

0.999539 0.00174161 0.0303178 
-0.0161104 0.876694 0.480778 
-0.0257421 -0.481045 0.876318 

634.225

C:\Users\isbec\Desktop\VFX\NTU-VFX-Project2\data\road\road19.JPG
5328 4000

8 0 1999.5 
0 8 2663.5 
0 0 1 

0.999511 0.0127753 0.02855 
-0.0174698 0.985155 0.170774 
-0.0259445 -0.171189 0.984896 

632.011
