C:\Users\isbec\Desktop\VFX\NTU-VFX-Project2\data\grail\grail01.jpg
384 512

1 0 255.5 
0 1 191.5 
0 0 1 

0.999844 0.0176195 -0.00106091 
-0.0176195 0.999845 1.88285e-005 
0.00106107 -3.93803e-008 1 

626.497

C:\Users\isbec\Desktop\VFX\NTU-VFX-Project2\data\grail\grail02.jpg
384 512

1 0 255.5 
0 1 191.5 
0 0 1 

0.999821 0.0182296 0.00499263 
-0.0188385 0.939667 0.341571 
0.00153528 -0.341604 0.939843 

625.997

C:\Users\isbec\Desktop\VFX\NTU-VFX-Project2\data\grail\grail03.jpg
384 512

1 0 255.5 
0 1 191.5 
0 0 1 

0.999861 0.0137477 0.00945225 
-0.0166055 0.765289 0.643472 
0.00161261 -0.64354 0.765411 

627.269

C:\Users\isbec\Desktop\VFX\NTU-VFX-Project2\data\grail\grail04.jpg
384 512

1 0 255.5 
0 1 191.5 
0 0 1 

0.999835 0.0109931 0.0144882 
-0.0180548 0.504213 0.863391 
0.00218626 -0.863509 0.504328 

627.555

C:\Users\isbec\Desktop\VFX\NTU-VFX-Project2\data\grail\grail05.jpg
384 512

1 0 255.5 
0 1 191.5 
0 0 1 

0.999889 0.0047157 0.0141542 
-0.0147604 0.174725 0.984506 
0.00216959 -0.984606 0.174775 

627.63

C:\Users\isbec\Desktop\VFX\NTU-VFX-Project2\data\grail\grail06.jpg
384 512

1 0 255.5 
0 1 191.5 
0 0 1 

0.999843 -0.00160261 0.0176363 
-0.0176481 -0.172663 0.984823 
0.00146691 -0.98498 -0.172664 

625.261

C:\Users\isbec\Desktop\VFX\NTU-VFX-Project2\data\grail\grail07.jpg
384 512

1 0 255.5 
0 1 191.5 
0 0 1 

0.999916 -0.00542212 0.0117774 
-0.0129075 -0.50223 0.864638 
0.00122687 -0.864717 -0.502258 

627.353

C:\Users\isbec\Desktop\VFX\NTU-VFX-Project2\data\grail\grail08.jpg
384 512

1 0 255.5 
0 1 191.5 
0 0 1 

0.999853 -0.0131722 0.0109919 
-0.017156 -0.768083 0.64012 
1.09202e-005 -0.640214 -0.768196 

627.942

C:\Users\isbec\Desktop\VFX\NTU-VFX-Project2\data\grail\grail09.jpg
384 512

1 0 255.5 
0 1 191.5 
0 0 1 

0.999876 -0.0148336 0.00533423 
-0.0157632 -0.943336 0.331463 
0.000115225 -0.331506 -0.943453 

628.656

C:\Users\isbec\Desktop\VFX\NTU-VFX-Project2\data\grail\grail10.jpg
384 512

1 0 255.5 
0 1 191.5 
0 0 1 

0.999837 -0.0180462 1.58498e-005 
-0.0180452 -0.999786 -0.0101086 
0.00019831 0.0101067 -0.999949 

628.934

C:\Users\isbec\Desktop\VFX\NTU-VFX-Project2\data\grail\grail11.jpg
384 512

1 0 255.5 
0 1 191.5 
0 0 1 

0.999811 -0.0184825 -0.00611461 
-0.0194553 -0.937398 -0.347716 
0.000694878 0.347769 -0.93758 

628.867

C:\Users\isbec\Desktop\VFX\NTU-VFX-Project2\data\grail\grail12.jpg
384 512

1 0 255.5 
0 1 191.5 
0 0 1 

0.999796 -0.0165186 -0.0116635 
-0.020139 -0.761423 -0.647943 
0.00182225 0.648045 -0.7616 

629.89

C:\Users\isbec\Desktop\VFX\NTU-VFX-Project2\data\grail\grail13.jpg
384 512

1 0 255.5 
0 1 191.5 
0 0 1 

0.999864 -0.00996054 -0.0131755 
-0.0163759 -0.493804 -0.869419 
0.00215376 0.869516 -0.4939 

628.716

C:\Users\isbec\Desktop\VFX\NTU-VFX-Project2\data\grail\grail14.jpg
384 512

1 0 255.5 
0 1 191.5 
0 0 1 

0.999897 -0.00428702 -0.0136832 
-0.0142311 -0.179828 -0.983595 
0.00175611 0.983689 -0.17987 

630.983

C:\Users\isbec\Desktop\VFX\NTU-VFX-Project2\data\grail\grail15.jpg
384 512

1 0 255.5 
0 1 191.5 
0 0 1 

0.999911 0.0013552 -0.0132907 
-0.0133251 0.172609 -0.9849 
0.000959362 0.984989 0.172612 

630.015

C:\Users\isbec\Desktop\VFX\NTU-VFX-Project2\data\grail\grail16.jpg
384 512

1 0 255.5 
0 1 191.5 
0 0 1 

0.999864 0.0105813 -0.0126341 
-0.0162241 0.497501 -0.867312 
-0.00289183 0.867399 0.497605 

630.456

C:\Users\isbec\Desktop\VFX\NTU-VFX-Project2\data\grail\grail17.jpg
384 512

1 0 255.5 
0 1 191.5 
0 0 1 

0.999834 0.016653 -0.00747014 
-0.0175784 0.768451 -0.639667 
-0.00491198 0.639692 0.768616 

629.953

C:\Users\isbec\Desktop\VFX\NTU-VFX-Project2\data\grail\grail00.jpg
384 512

1 0 255.5 
0 1 191.5 
0 0 1 

0.999854 0.0163606 -0.00497623 
-0.0170969 0.950265 -0.310973 
-0.00035898 0.311012 0.950406 

629.084

