C:\Users\isbec\Desktop\VFX\NTU-VFX-Project2\data\stairs\stairs00.JPG
5328 4000

8 0 1999.5 
0 8 2663.5 
0 0 1 

0.999836 0.00946133 0.0154393 
-0.00608535 0.978613 -0.205619 
-0.0170546 0.205491 0.97851 

1142.86

C:\Users\isbec\Desktop\VFX\NTU-VFX-Project2\data\stairs\stairs01.JPG
5328 4000

8 0 1999.5 
0 8 2663.5 
0 0 1 

0.999746 -0.0130669 0.0183502 
0.0130647 0.999915 0.000239798 
-0.0183518 1.92535e-008 0.999832 

1125.66

C:\Users\isbec\Desktop\VFX\NTU-VFX-Project2\data\stairs\stairs02.JPG
5328 4000

8 0 1999.5 
0 8 2663.5 
0 0 1 

0.999329 -0.0312651 0.0190951 
0.027315 0.983222 0.180356 
-0.0244136 -0.179713 0.983416 

1117.82

C:\Users\isbec\Desktop\VFX\NTU-VFX-Project2\data\stairs\stairs03.JPG
5328 4000

8 0 1999.5 
0 8 2663.5 
0 0 1 

0.99933 -0.0311222 0.0192589 
0.0271446 0.983224 0.180368 
-0.0245493 -0.179724 0.983411 

1119.22

C:\Users\isbec\Desktop\VFX\NTU-VFX-Project2\data\stairs\stairs04.JPG
5328 4000

8 0 1999.5 
0 8 2663.5 
0 0 1 

0.998709 -0.0484494 0.0152799 
0.0406997 0.943067 0.330103 
-0.0304032 -0.329055 0.943821 

1108.12

C:\Users\isbec\Desktop\VFX\NTU-VFX-Project2\data\stairs\stairs05.JPG
5328 4000

8 0 1999.5 
0 8 2663.5 
0 0 1 

0.997526 -0.0698247 0.00810929 
0.0534416 0.828256 0.557796 
-0.0456645 -0.555983 0.829938 

945.407

C:\Users\isbec\Desktop\VFX\NTU-VFX-Project2\data\stairs\stairs06.JPG
5328 4000

8 0 1999.5 
0 8 2663.5 
0 0 1 

0.985262 -0.149279 0.0835169 
-0.0198578 0.385129 0.922649 
-0.169897 -0.910709 0.376489 

187.592

C:\Users\isbec\Desktop\VFX\NTU-VFX-Project2\data\stairs\stairs07.JPG
5328 4000

8 0 1999.5 
0 8 2663.5 
0 0 1 

0.949242 -0.286157 -0.130591 
-0.0130306 -0.450589 0.892636 
-0.314277 -0.845626 -0.431446 

-21.3288

C:\Users\isbec\Desktop\VFX\NTU-VFX-Project2\data\stairs\stairs08.JPG
5328 4000

8 0 1999.5 
0 8 2663.5 
0 0 1 

0.972637 -0.176789 -0.150741 
-0.155651 -0.977533 0.142132 
-0.172482 -0.11478 -0.978302 

-26.154

C:\Users\isbec\Desktop\VFX\NTU-VFX-Project2\data\stairs\stairs09.JPG
5328 4000

8 0 1999.5 
0 8 2663.5 
0 0 1 

0.961516 0.257294 -0.0963671 
0.243717 -0.636803 0.731495 
0.126842 -0.72683 -0.675003 

-25.1691

C:\Users\isbec\Desktop\VFX\NTU-VFX-Project2\data\stairs\stairs10.JPG
5328 4000

8 0 1999.5 
0 8 2663.5 
0 0 1 

0.951727 0.125945 -0.279916 
0.0961396 -0.98837 -0.117825 
-0.291499 0.0852263 -0.952767 

-40.4402

C:\Users\isbec\Desktop\VFX\NTU-VFX-Project2\data\stairs\stairs11.JPG
5328 4000

8 0 1999.5 
0 8 2663.5 
0 0 1 

0.987019 0.160449 0.00701447 
0.0648087 -0.357956 -0.931487 
-0.146945 0.91985 -0.363708 

325.497

C:\Users\isbec\Desktop\VFX\NTU-VFX-Project2\data\stairs\stairs12.JPG
5328 4000

8 0 1999.5 
0 8 2663.5 
0 0 1 

0.997308 0.0309092 0.0664974 
0.0679975 -0.0503201 -0.996416 
-0.0274522 0.998255 -0.0522864 

622.077

C:\Users\isbec\Desktop\VFX\NTU-VFX-Project2\data\stairs\stairs13.JPG
5328 4000

8 0 1999.5 
0 8 2663.5 
0 0 1 

0.999191 0.014541 0.0375068 
0.0336483 0.208849 -0.977369 
-0.0220452 0.97784 0.208191 

899.975

C:\Users\isbec\Desktop\VFX\NTU-VFX-Project2\data\stairs\stairs14.JPG
5328 4000

8 0 1999.5 
0 8 2663.5 
0 0 1 

0.999386 0.0140837 0.0320872 
0.0239167 0.395098 -0.918327 
-0.025611 0.918531 0.394519 

976.319

C:\Users\isbec\Desktop\VFX\NTU-VFX-Project2\data\stairs\stairs15.JPG
5328 4000

8 0 1999.5 
0 8 2663.5 
0 0 1 

0.99959 0.0158702 0.023843 
0.0104821 0.572005 -0.820183 
-0.0266548 0.820096 0.571604 

1056.95

C:\Users\isbec\Desktop\VFX\NTU-VFX-Project2\data\stairs\stairs16.JPG
5328 4000

8 0 1999.5 
0 8 2663.5 
0 0 1 

0.999647 0.025216 0.00835967 
-0.012909 0.736108 -0.676742 
-0.0232184 0.676395 0.736173 

1139.95

C:\Users\isbec\Desktop\VFX\NTU-VFX-Project2\data\stairs\stairs17.JPG
5328 4000

8 0 1999.5 
0 8 2663.5 
0 0 1 

0.99968 0.0227858 0.0109744 
-0.0131484 0.838917 -0.544101 
-0.0216044 0.543782 0.838948 

1151.68

C:\Users\isbec\Desktop\VFX\NTU-VFX-Project2\data\stairs\stairs18.JPG
5328 4000

8 0 1999.5 
0 8 2663.5 
0 0 1 

0.999712 0.0199572 0.013328 
-0.0130727 0.918609 -0.394952 
-0.0201254 0.394664 0.918605 

1152.67

C:\Users\isbec\Desktop\VFX\NTU-VFX-Project2\data\stairs\stairs19.JPG
5328 4000

8 0 1999.5 
0 8 2663.5 
0 0 1 

0.999794 0.0104996 0.0173814 
-0.00693141 0.980999 -0.19389 
-0.0190869 0.193729 0.980869 

1144.45

